物联网隐私攻击基线 — 测试集评估结果
模型文件: D:\毕业设计毕业设计毕业设计毕业设计\Projects\iot_privacy_attack\outputs\models\dataset_matrix\kasteren\seed_123\best_mlp.pt
模型类型: mlp

Accuracy:  0.1762
Precision (macro): 0.1377
Recall (macro):    0.2309
F1-score (macro):  0.1463

=== classification_report ===
                precision    recall  f1-score   support

Other_Activity     0.0000    0.0000    0.0000        18
         Pat_0     0.0000    0.0000    0.0000        12
         Pat_1     0.0000    0.0000    0.0000         5
        Pat_10     0.0000    0.0000    0.0000        12
       Pat_101     0.2222    1.0000    0.3636         2
       Pat_103     0.0000    0.0000    0.0000         0
        Pat_11     0.5000    0.5000    0.5000         2
        Pat_12     1.0000    0.4000    0.5714         5
        Pat_14     0.0000    0.0000    0.0000         0
        Pat_15     0.1000    0.5000    0.1667         2
        Pat_16     0.2000    0.1667    0.1818         6
        Pat_18     0.0000    0.0000    0.0000         4
        Pat_19     0.0000    0.0000    0.0000         3
         Pat_2     0.0000    0.0000    0.0000         3
        Pat_20     0.0000    0.0000    0.0000         0
        Pat_21     0.2500    0.6667    0.3636         3
        Pat_25     0.0000    0.0000    0.0000         3
        Pat_26     0.1429    0.3333    0.2000         6
         Pat_3     0.0000    0.0000    0.0000         9
        Pat_30     0.0000    0.0000    0.0000         1
        Pat_31     0.1667    0.5000    0.2500         2
        Pat_32     0.4286    1.0000    0.6000         3
        Pat_35     0.0000    0.0000    0.0000         1
        Pat_36     0.2500    0.2500    0.2500        12
        Pat_37     0.0000    0.0000    0.0000         1
        Pat_38     0.0000    0.0000    0.0000         1
        Pat_39     0.0000    0.0000    0.0000         3
         Pat_4     0.0000    0.0000    0.0000         3
        Pat_40     0.3750    1.0000    0.5455         3
        Pat_42     0.0000    0.0000    0.0000         0
        Pat_44     0.0000    0.0000    0.0000         1
        Pat_46     0.0000    0.0000    0.0000         2
        Pat_47     0.0000    0.0000    0.0000         3
         Pat_5     0.0000    0.0000    0.0000         5
        Pat_52     0.1429    0.5000    0.2222         2
        Pat_53     0.0000    0.0000    0.0000         0
        Pat_55     0.0000    0.0000    0.0000         0
         Pat_6     0.0000    0.0000    0.0000         9
        Pat_60     0.0000    0.0000    0.0000         1
        Pat_67     0.0000    0.0000    0.0000         1
         Pat_7     0.6667    0.1053    0.1818        19
        Pat_71     0.0000    0.0000    0.0000         1
        Pat_74     0.7500    1.0000    0.8571         3
        Pat_75     0.5000    0.3333    0.4000         3
        Pat_77     0.5000    1.0000    0.6667         1
        Pat_78     0.0000    0.0000    0.0000         0
         Pat_8     0.0000    0.0000    0.0000         2
        Pat_82     0.0000    0.0000    0.0000         1
        Pat_89     0.2000    1.0000    0.3333         1
         Pat_9     0.0000    0.0000    0.0000         7
        Pat_90     0.0000    0.0000    0.0000         0
        Pat_91     0.1667    1.0000    0.2857         1
        Pat_96     0.0000    0.0000    0.0000         1
        Pat_99     0.6000    0.7500    0.6667         4

      accuracy                         0.1762       193
     macro avg     0.1326    0.2223    0.1409       193
  weighted avg     0.1822    0.1762    0.1392       193
