物联网隐私攻击基线 — 测试集评估结果
模型文件: D:\毕业设计毕业设计毕业设计毕业设计\Projects\iot_privacy_attack\outputs\models\dataset_matrix\kasteren\seed_42\best_mlp.pt
模型类型: mlp

Accuracy:  0.2124
Precision (macro): 0.2098
Recall (macro):    0.2770
F1-score (macro):  0.2008

=== classification_report ===
                precision    recall  f1-score   support

Other_Activity     0.0000    0.0000    0.0000        11
         Pat_0     0.0000    0.0000    0.0000        14
         Pat_1     0.0000    0.0000    0.0000         3
        Pat_10     0.0000    0.0000    0.0000         9
       Pat_101     1.0000    0.3333    0.5000         3
       Pat_103     0.0000    0.0000    0.0000         1
        Pat_11     0.0000    0.0000    0.0000         0
        Pat_12     0.1667    0.2500    0.2000         4
        Pat_14     0.0000    0.0000    0.0000         1
        Pat_15     0.0000    0.0000    0.0000         1
        Pat_16     0.5714    0.6667    0.6154         6
        Pat_18     0.0000    0.0000    0.0000         4
        Pat_19     0.3333    0.3333    0.3333         3
         Pat_2     0.0000    0.0000    0.0000         4
        Pat_20     0.0000    0.0000    0.0000         0
        Pat_21     0.0000    0.0000    0.0000         1
        Pat_25     0.0000    0.0000    0.0000         8
        Pat_26     0.1765    0.6000    0.2727         5
         Pat_3     0.0000    0.0000    0.0000         8
        Pat_30     0.0000    0.0000    0.0000         3
        Pat_31     0.3333    0.2500    0.2857         4
        Pat_32     0.0000    0.0000    0.0000         0
        Pat_35     0.2500    0.5000    0.3333         2
        Pat_36     0.0000    0.0000    0.0000         5
        Pat_37     0.2500    1.0000    0.4000         1
        Pat_38     0.0000    0.0000    0.0000         2
        Pat_39     0.0000    0.0000    0.0000         0
         Pat_4     0.0000    0.0000    0.0000         4
        Pat_40     0.8000    0.5000    0.6154         8
        Pat_42     0.5000    0.3333    0.4000         3
        Pat_44     0.0000    0.0000    0.0000         1
        Pat_46     0.5000    1.0000    0.6667         1
        Pat_47     0.0000    0.0000    0.0000         3
         Pat_5     0.0000    0.0000    0.0000         4
        Pat_52     0.0000    0.0000    0.0000         0
        Pat_53     0.1429    0.3333    0.2000         3
        Pat_55     0.0000    0.0000    0.0000         0
         Pat_6     1.0000    0.1250    0.2222         8
        Pat_60     0.0000    0.0000    0.0000         5
        Pat_67     0.5000    1.0000    0.6667         1
         Pat_7     0.6667    0.2500    0.3636        24
        Pat_71     0.0000    0.0000    0.0000         2
        Pat_74     0.4000    1.0000    0.5714         2
        Pat_75     1.0000    1.0000    1.0000         1
        Pat_77     0.0000    0.0000    0.0000         0
        Pat_78     0.1667    0.5000    0.2500         2
         Pat_8     0.0000    0.0000    0.0000         3
        Pat_82     0.0000    0.0000    0.0000         2
        Pat_89     0.2000    1.0000    0.3333         1
         Pat_9     0.7500    0.4286    0.5455         7
        Pat_90     0.5000    1.0000    0.6667         1
        Pat_91     0.2000    1.0000    0.3333         1
        Pat_96     0.0000    0.0000    0.0000         0
        Pat_99     0.5000    1.0000    0.6667         3

      accuracy                         0.2124       193
     macro avg     0.2020    0.2667    0.1934       193
  weighted avg     0.2807    0.2124    0.2017       193
